#mtl1    255,255,255     255,0,127       255,0,127       0,0,0           0.0          0.8        1.0      0.75      1.3 NULL
#mtl2    255,255,255     0,255,0         127,127,127     0,0,0           0.0          0.85       1.0      0.0       0.0 NULL
#mtl3    255,255,255     230,230,230     230,230,230     0,0,0           0.0          1.0        0.15     0.0       0.0 NULL
#mtl4    255,255,255     51,127,127      51,127,127      0,0,0           0.0          0.0        1.0      0.0       0.0 NULL
#mtl5    255,255,255     0,0,0           0,0,0           255,255,255     8.0          0.0        0.0      0.0       0.0 NULL
#mtl6    255,255,255     102,102,102     102,102,102     0,0,0           0.0          1.0        1.0      0.0       0.0 NULL

#sp      1,0,-5          1               mtl1
#sp      0,0,-10         1               mtl2
#cy      -1,0,-5         1,0,0           1             2               mtl3
#pl      0,1,0           0,-1,0          mtl4
#sq      0,6,-6          0,0,-2          4,0,0         mtl5
#tr      4,-2,-20        4,10,-5         4,-2,-5       mtl6
